19 
20 
21 
22 
23 
24 
25 
26 
27 
19 20 
19 21 
19 22 
19 23 
19 24 
19 25 
19 26 
19 27 
20 21 
20 22 
20 23 
20 24 
20 25 
20 26 
20 27 
21 22 
21 23 
21 24 
21 25 
21 26 
21 27 
22 23 
22 24 
22 25 
22 26 
22 27 
23 24 
23 25 
23 26 
23 27 
24 25 
24 26 
24 27 
25 26 
25 27 
26 27 
19 20 21 
19 20 22 
19 20 23 
19 20 24 
19 20 25 
19 20 26 
19 20 27 
19 21 22 
19 21 23 
19 21 24 
19 21 25 
19 21 26 
19 21 27 
19 22 23 
19 22 24 
19 22 25 
19 22 26 
19 22 27 
19 23 24 
19 23 25 
19 23 26 
19 23 27 
19 24 25 
19 24 26 
19 24 27 
19 25 26 
19 25 27 
19 26 27 
20 21 22 
20 21 23 
20 21 24 
20 21 25 
20 21 26 
20 21 27 
20 22 23 
20 22 24 
20 22 25 
20 22 26 
20 22 27 
20 23 24 
20 23 25 
20 23 26 
20 23 27 
20 24 25 
20 24 26 
20 24 27 
20 25 26 
20 25 27 
20 26 27 
21 22 23 
21 22 24 
21 22 25 
21 22 26 
21 22 27 
21 23 24 
21 23 25 
21 23 26 
21 23 27 
21 24 25 
21 24 26 
21 24 27 
21 25 26 
21 25 27 
21 26 27 
22 23 24 
22 23 25 
22 23 26 
22 23 27 
22 24 25 
22 24 26 
22 24 27 
22 25 26 
22 25 27 
22 26 27 
23 24 25 
23 24 26 
23 24 27 
23 25 26 
23 25 27 
23 26 27 
24 25 26 
24 25 27 
24 26 27 
25 26 27 
19 20 21 22 
19 20 21 23 
19 20 21 24 
19 20 21 25 
19 20 21 26 
19 20 21 27 
19 20 22 23 
19 20 22 24 
19 20 22 25 
19 20 22 26 
19 20 22 27 
19 20 23 24 
19 20 23 25 
19 20 23 26 
19 20 23 27 
19 20 24 25 
19 20 24 26 
19 20 24 27 
19 20 25 26 
19 20 25 27 
19 20 26 27 
19 21 22 23 
19 21 22 24 
19 21 22 25 
19 21 22 26 
19 21 22 27 
19 21 23 24 
19 21 23 25 
19 21 23 26 
19 21 23 27 
19 21 24 25 
19 21 24 26 
19 21 24 27 
19 21 25 26 
19 21 25 27 
19 21 26 27 
19 22 23 24 
19 22 23 25 
19 22 23 26 
19 22 23 27 
19 22 24 25 
19 22 24 26 
19 22 24 27 
19 22 25 26 
19 22 25 27 
19 22 26 27 
19 23 24 25 
19 23 24 26 
19 23 24 27 
19 23 25 26 
19 23 25 27 
19 23 26 27 
19 24 25 26 
19 24 25 27 
19 24 26 27 
19 25 26 27 
20 21 22 23 
20 21 22 24 
20 21 22 25 
20 21 22 26 
20 21 22 27 
20 21 23 24 
20 21 23 25 
20 21 23 26 
20 21 23 27 
20 21 24 25 
20 21 24 26 
20 21 24 27 
20 21 25 26 
20 21 25 27 
20 21 26 27 
20 22 23 24 
20 22 23 25 
20 22 23 26 
20 22 23 27 
20 22 24 25 
20 22 24 26 
20 22 24 27 
20 22 25 26 
20 22 25 27 
20 22 26 27 
20 23 24 25 
20 23 24 26 
20 23 24 27 
20 23 25 26 
20 23 25 27 
20 23 26 27 
20 24 25 26 
20 24 25 27 
20 24 26 27 
20 25 26 27 
21 22 23 24 
21 22 23 25 
21 22 23 26 
21 22 23 27 
21 22 24 25 
21 22 24 26 
21 22 24 27 
21 22 25 26 
21 22 25 27 
21 22 26 27 
21 23 24 25 
21 23 24 26 
21 23 24 27 
21 23 25 26 
21 23 25 27 
21 23 26 27 
21 24 25 26 
21 24 25 27 
21 24 26 27 
21 25 26 27 
22 23 24 25 
22 23 24 26 
22 23 24 27 
22 23 25 26 
22 23 25 27 
22 23 26 27 
22 24 25 26 
22 24 25 27 
22 24 26 27 
22 25 26 27 
23 24 25 26 
23 24 25 27 
23 24 26 27 
23 25 26 27 
24 25 26 27 
19 20 21 22 23 
19 20 21 22 24 
19 20 21 22 25 
19 20 21 22 26 
19 20 21 22 27 
19 20 21 23 24 
19 20 21 23 25 
19 20 21 23 26 
19 20 21 23 27 
19 20 21 24 25 
19 20 21 24 26 
19 20 21 24 27 
19 20 21 25 26 
19 20 21 25 27 
19 20 21 26 27 
19 20 22 23 24 
19 20 22 23 25 
19 20 22 23 26 
19 20 22 23 27 
19 20 22 24 25 
19 20 22 24 26 
19 20 22 24 27 
19 20 22 25 26 
19 20 22 25 27 
19 20 22 26 27 
19 20 23 24 25 
19 20 23 24 26 
19 20 23 24 27 
19 20 23 25 26 
19 20 23 25 27 
19 20 23 26 27 
19 20 24 25 26 
19 20 24 25 27 
19 20 24 26 27 
19 20 25 26 27 
19 21 22 23 24 
19 21 22 23 25 
19 21 22 23 26 
19 21 22 23 27 
19 21 22 24 25 
19 21 22 24 26 
19 21 22 24 27 
19 21 22 25 26 
19 21 22 25 27 
19 21 22 26 27 
19 21 23 24 25 
19 21 23 24 26 
19 21 23 24 27 
19 21 23 25 26 
19 21 23 25 27 
19 21 23 26 27 
19 21 24 25 26 
19 21 24 25 27 
19 21 24 26 27 
19 21 25 26 27 
19 22 23 24 25 
19 22 23 24 26 
19 22 23 24 27 
19 22 23 25 26 
19 22 23 25 27 
19 22 23 26 27 
19 22 24 25 26 
19 22 24 25 27 
19 22 24 26 27 
19 22 25 26 27 
19 23 24 25 26 
19 23 24 25 27 
19 23 24 26 27 
19 23 25 26 27 
19 24 25 26 27 
20 21 22 23 24 
20 21 22 23 25 
20 21 22 23 26 
20 21 22 23 27 
20 21 22 24 25 
20 21 22 24 26 
20 21 22 24 27 
20 21 22 25 26 
20 21 22 25 27 
20 21 22 26 27 
20 21 23 24 25 
20 21 23 24 26 
20 21 23 24 27 
20 21 23 25 26 
20 21 23 25 27 
20 21 23 26 27 
20 21 24 25 26 
20 21 24 25 27 
20 21 24 26 27 
20 21 25 26 27 
20 22 23 24 25 
20 22 23 24 26 
20 22 23 24 27 
20 22 23 25 26 
20 22 23 25 27 
20 22 23 26 27 
20 22 24 25 26 
20 22 24 25 27 
20 22 24 26 27 
20 22 25 26 27 
20 23 24 25 26 
20 23 24 25 27 
20 23 24 26 27 
20 23 25 26 27 
20 24 25 26 27 
21 22 23 24 25 
21 22 23 24 26 
21 22 23 24 27 
21 22 23 25 26 
21 22 23 25 27 
21 22 23 26 27 
21 22 24 25 26 
21 22 24 25 27 
21 22 24 26 27 
21 22 25 26 27 
21 23 24 25 26 
21 23 24 25 27 
21 23 24 26 27 
21 23 25 26 27 
21 24 25 26 27 
22 23 24 25 26 
22 23 24 25 27 
22 23 24 26 27 
22 23 25 26 27 
22 24 25 26 27 
23 24 25 26 27 
19 20 21 22 23 24 
19 20 21 22 23 25 
19 20 21 22 23 26 
19 20 21 22 23 27 
19 20 21 22 24 25 
19 20 21 22 24 26 
19 20 21 22 24 27 
19 20 21 22 25 26 
19 20 21 22 25 27 
19 20 21 22 26 27 
19 20 21 23 24 25 
19 20 21 23 24 26 
19 20 21 23 24 27 
19 20 21 23 25 26 
19 20 21 23 25 27 
19 20 21 23 26 27 
19 20 21 24 25 26 
19 20 21 24 25 27 
19 20 21 24 26 27 
19 20 21 25 26 27 
19 20 22 23 24 25 
19 20 22 23 24 26 
19 20 22 23 24 27 
19 20 22 23 25 26 
19 20 22 23 25 27 
19 20 22 23 26 27 
19 20 22 24 25 26 
19 20 22 24 25 27 
19 20 22 24 26 27 
19 20 22 25 26 27 
19 20 23 24 25 26 
19 20 23 24 25 27 
19 20 23 24 26 27 
19 20 23 25 26 27 
19 20 24 25 26 27 
19 21 22 23 24 25 
19 21 22 23 24 26 
19 21 22 23 24 27 
19 21 22 23 25 26 
19 21 22 23 25 27 
19 21 22 23 26 27 
19 21 22 24 25 26 
19 21 22 24 25 27 
19 21 22 24 26 27 
19 21 22 25 26 27 
19 21 23 24 25 26 
19 21 23 24 25 27 
19 21 23 24 26 27 
19 21 23 25 26 27 
19 21 24 25 26 27 
19 22 23 24 25 26 
19 22 23 24 25 27 
19 22 23 24 26 27 
19 22 23 25 26 27 
19 22 24 25 26 27 
19 23 24 25 26 27 
20 21 22 23 24 25 
20 21 22 23 24 26 
20 21 22 23 24 27 
20 21 22 23 25 26 
20 21 22 23 25 27 
20 21 22 23 26 27 
20 21 22 24 25 26 
20 21 22 24 25 27 
20 21 22 24 26 27 
20 21 22 25 26 27 
20 21 23 24 25 26 
20 21 23 24 25 27 
20 21 23 24 26 27 
20 21 23 25 26 27 
20 21 24 25 26 27 
20 22 23 24 25 26 
20 22 23 24 25 27 
20 22 23 24 26 27 
20 22 23 25 26 27 
20 22 24 25 26 27 
20 23 24 25 26 27 
21 22 23 24 25 26 
21 22 23 24 25 27 
21 22 23 24 26 27 
21 22 23 25 26 27 
21 22 24 25 26 27 
21 23 24 25 26 27 
22 23 24 25 26 27 
19 20 21 22 23 24 25 
19 20 21 22 23 24 26 
19 20 21 22 23 24 27 
19 20 21 22 23 25 26 
19 20 21 22 23 25 27 
19 20 21 22 23 26 27 
19 20 21 22 24 25 26 
19 20 21 22 24 25 27 
19 20 21 22 24 26 27 
19 20 21 22 25 26 27 
19 20 21 23 24 25 26 
19 20 21 23 24 25 27 
19 20 21 23 24 26 27 
19 20 21 23 25 26 27 
19 20 21 24 25 26 27 
19 20 22 23 24 25 26 
19 20 22 23 24 25 27 
19 20 22 23 24 26 27 
19 20 22 23 25 26 27 
19 20 22 24 25 26 27 
19 20 23 24 25 26 27 
19 21 22 23 24 25 26 
19 21 22 23 24 25 27 
19 21 22 23 24 26 27 
19 21 22 23 25 26 27 
19 21 22 24 25 26 27 
19 21 23 24 25 26 27 
19 22 23 24 25 26 27 
20 21 22 23 24 25 26 
20 21 22 23 24 25 27 
20 21 22 23 24 26 27 
20 21 22 23 25 26 27 
20 21 22 24 25 26 27 
20 21 23 24 25 26 27 
20 22 23 24 25 26 27 
21 22 23 24 25 26 27 
19 20 21 22 23 24 25 26 
19 20 21 22 23 24 25 27 
19 20 21 22 23 24 26 27 
19 20 21 22 23 25 26 27 
19 20 21 22 24 25 26 27 
19 20 21 23 24 25 26 27 
19 20 22 23 24 25 26 27 
19 21 22 23 24 25 26 27 
20 21 22 23 24 25 26 27 
19 20 21 22 23 24 25 26 27 
