37 
38 
39 
40 
41 
42 
43 
44 
45 
37 38 
37 39 
37 40 
37 41 
37 42 
37 43 
37 44 
37 45 
38 39 
38 40 
38 41 
38 42 
38 43 
38 44 
38 45 
39 40 
39 41 
39 42 
39 43 
39 44 
39 45 
40 41 
40 42 
40 43 
40 44 
40 45 
41 42 
41 43 
41 44 
41 45 
42 43 
42 44 
42 45 
43 44 
43 45 
44 45 
37 38 39 
37 38 40 
37 38 41 
37 38 42 
37 38 43 
37 38 44 
37 38 45 
37 39 40 
37 39 41 
37 39 42 
37 39 43 
37 39 44 
37 39 45 
37 40 41 
37 40 42 
37 40 43 
37 40 44 
37 40 45 
37 41 42 
37 41 43 
37 41 44 
37 41 45 
37 42 43 
37 42 44 
37 42 45 
37 43 44 
37 43 45 
37 44 45 
38 39 40 
38 39 41 
38 39 42 
38 39 43 
38 39 44 
38 39 45 
38 40 41 
38 40 42 
38 40 43 
38 40 44 
38 40 45 
38 41 42 
38 41 43 
38 41 44 
38 41 45 
38 42 43 
38 42 44 
38 42 45 
38 43 44 
38 43 45 
38 44 45 
39 40 41 
39 40 42 
39 40 43 
39 40 44 
39 40 45 
39 41 42 
39 41 43 
39 41 44 
39 41 45 
39 42 43 
39 42 44 
39 42 45 
39 43 44 
39 43 45 
39 44 45 
40 41 42 
40 41 43 
40 41 44 
40 41 45 
40 42 43 
40 42 44 
40 42 45 
40 43 44 
40 43 45 
40 44 45 
41 42 43 
41 42 44 
41 42 45 
41 43 44 
41 43 45 
41 44 45 
42 43 44 
42 43 45 
42 44 45 
43 44 45 
37 38 39 40 
37 38 39 41 
37 38 39 42 
37 38 39 43 
37 38 39 44 
37 38 39 45 
37 38 40 41 
37 38 40 42 
37 38 40 43 
37 38 40 44 
37 38 40 45 
37 38 41 42 
37 38 41 43 
37 38 41 44 
37 38 41 45 
37 38 42 43 
37 38 42 44 
37 38 42 45 
37 38 43 44 
37 38 43 45 
37 38 44 45 
37 39 40 41 
37 39 40 42 
37 39 40 43 
37 39 40 44 
37 39 40 45 
37 39 41 42 
37 39 41 43 
37 39 41 44 
37 39 41 45 
37 39 42 43 
37 39 42 44 
37 39 42 45 
37 39 43 44 
37 39 43 45 
37 39 44 45 
37 40 41 42 
37 40 41 43 
37 40 41 44 
37 40 41 45 
37 40 42 43 
37 40 42 44 
37 40 42 45 
37 40 43 44 
37 40 43 45 
37 40 44 45 
37 41 42 43 
37 41 42 44 
37 41 42 45 
37 41 43 44 
37 41 43 45 
37 41 44 45 
37 42 43 44 
37 42 43 45 
37 42 44 45 
37 43 44 45 
38 39 40 41 
38 39 40 42 
38 39 40 43 
38 39 40 44 
38 39 40 45 
38 39 41 42 
38 39 41 43 
38 39 41 44 
38 39 41 45 
38 39 42 43 
38 39 42 44 
38 39 42 45 
38 39 43 44 
38 39 43 45 
38 39 44 45 
38 40 41 42 
38 40 41 43 
38 40 41 44 
38 40 41 45 
38 40 42 43 
38 40 42 44 
38 40 42 45 
38 40 43 44 
38 40 43 45 
38 40 44 45 
38 41 42 43 
38 41 42 44 
38 41 42 45 
38 41 43 44 
38 41 43 45 
38 41 44 45 
38 42 43 44 
38 42 43 45 
38 42 44 45 
38 43 44 45 
39 40 41 42 
39 40 41 43 
39 40 41 44 
39 40 41 45 
39 40 42 43 
39 40 42 44 
39 40 42 45 
39 40 43 44 
39 40 43 45 
39 40 44 45 
39 41 42 43 
39 41 42 44 
39 41 42 45 
39 41 43 44 
39 41 43 45 
39 41 44 45 
39 42 43 44 
39 42 43 45 
39 42 44 45 
39 43 44 45 
40 41 42 43 
40 41 42 44 
40 41 42 45 
40 41 43 44 
40 41 43 45 
40 41 44 45 
40 42 43 44 
40 42 43 45 
40 42 44 45 
40 43 44 45 
41 42 43 44 
41 42 43 45 
41 42 44 45 
41 43 44 45 
42 43 44 45 
37 38 39 40 41 
37 38 39 40 42 
37 38 39 40 43 
37 38 39 40 44 
37 38 39 40 45 
37 38 39 41 42 
37 38 39 41 43 
37 38 39 41 44 
37 38 39 41 45 
37 38 39 42 43 
37 38 39 42 44 
37 38 39 42 45 
37 38 39 43 44 
37 38 39 43 45 
37 38 39 44 45 
37 38 40 41 42 
37 38 40 41 43 
37 38 40 41 44 
37 38 40 41 45 
37 38 40 42 43 
37 38 40 42 44 
37 38 40 42 45 
37 38 40 43 44 
37 38 40 43 45 
37 38 40 44 45 
37 38 41 42 43 
37 38 41 42 44 
37 38 41 42 45 
37 38 41 43 44 
37 38 41 43 45 
37 38 41 44 45 
37 38 42 43 44 
37 38 42 43 45 
37 38 42 44 45 
37 38 43 44 45 
37 39 40 41 42 
37 39 40 41 43 
37 39 40 41 44 
37 39 40 41 45 
37 39 40 42 43 
37 39 40 42 44 
37 39 40 42 45 
37 39 40 43 44 
37 39 40 43 45 
37 39 40 44 45 
37 39 41 42 43 
37 39 41 42 44 
37 39 41 42 45 
37 39 41 43 44 
37 39 41 43 45 
37 39 41 44 45 
37 39 42 43 44 
37 39 42 43 45 
37 39 42 44 45 
37 39 43 44 45 
37 40 41 42 43 
37 40 41 42 44 
37 40 41 42 45 
37 40 41 43 44 
37 40 41 43 45 
37 40 41 44 45 
37 40 42 43 44 
37 40 42 43 45 
37 40 42 44 45 
37 40 43 44 45 
37 41 42 43 44 
37 41 42 43 45 
37 41 42 44 45 
37 41 43 44 45 
37 42 43 44 45 
38 39 40 41 42 
38 39 40 41 43 
38 39 40 41 44 
38 39 40 41 45 
38 39 40 42 43 
38 39 40 42 44 
38 39 40 42 45 
38 39 40 43 44 
38 39 40 43 45 
38 39 40 44 45 
38 39 41 42 43 
38 39 41 42 44 
38 39 41 42 45 
38 39 41 43 44 
38 39 41 43 45 
38 39 41 44 45 
38 39 42 43 44 
38 39 42 43 45 
38 39 42 44 45 
38 39 43 44 45 
38 40 41 42 43 
38 40 41 42 44 
38 40 41 42 45 
38 40 41 43 44 
38 40 41 43 45 
38 40 41 44 45 
38 40 42 43 44 
38 40 42 43 45 
38 40 42 44 45 
38 40 43 44 45 
38 41 42 43 44 
38 41 42 43 45 
38 41 42 44 45 
38 41 43 44 45 
38 42 43 44 45 
39 40 41 42 43 
39 40 41 42 44 
39 40 41 42 45 
39 40 41 43 44 
39 40 41 43 45 
39 40 41 44 45 
39 40 42 43 44 
39 40 42 43 45 
39 40 42 44 45 
39 40 43 44 45 
39 41 42 43 44 
39 41 42 43 45 
39 41 42 44 45 
39 41 43 44 45 
39 42 43 44 45 
40 41 42 43 44 
40 41 42 43 45 
40 41 42 44 45 
40 41 43 44 45 
40 42 43 44 45 
41 42 43 44 45 
37 38 39 40 41 42 
37 38 39 40 41 43 
37 38 39 40 41 44 
37 38 39 40 41 45 
37 38 39 40 42 43 
37 38 39 40 42 44 
37 38 39 40 42 45 
37 38 39 40 43 44 
37 38 39 40 43 45 
37 38 39 40 44 45 
37 38 39 41 42 43 
37 38 39 41 42 44 
37 38 39 41 42 45 
37 38 39 41 43 44 
37 38 39 41 43 45 
37 38 39 41 44 45 
37 38 39 42 43 44 
37 38 39 42 43 45 
37 38 39 42 44 45 
37 38 39 43 44 45 
37 38 40 41 42 43 
37 38 40 41 42 44 
37 38 40 41 42 45 
37 38 40 41 43 44 
37 38 40 41 43 45 
37 38 40 41 44 45 
37 38 40 42 43 44 
37 38 40 42 43 45 
37 38 40 42 44 45 
37 38 40 43 44 45 
37 38 41 42 43 44 
37 38 41 42 43 45 
37 38 41 42 44 45 
37 38 41 43 44 45 
37 38 42 43 44 45 
37 39 40 41 42 43 
37 39 40 41 42 44 
37 39 40 41 42 45 
37 39 40 41 43 44 
37 39 40 41 43 45 
37 39 40 41 44 45 
37 39 40 42 43 44 
37 39 40 42 43 45 
37 39 40 42 44 45 
37 39 40 43 44 45 
37 39 41 42 43 44 
37 39 41 42 43 45 
37 39 41 42 44 45 
37 39 41 43 44 45 
37 39 42 43 44 45 
37 40 41 42 43 44 
37 40 41 42 43 45 
37 40 41 42 44 45 
37 40 41 43 44 45 
37 40 42 43 44 45 
37 41 42 43 44 45 
38 39 40 41 42 43 
38 39 40 41 42 44 
38 39 40 41 42 45 
38 39 40 41 43 44 
38 39 40 41 43 45 
38 39 40 41 44 45 
38 39 40 42 43 44 
38 39 40 42 43 45 
38 39 40 42 44 45 
38 39 40 43 44 45 
38 39 41 42 43 44 
38 39 41 42 43 45 
38 39 41 42 44 45 
38 39 41 43 44 45 
38 39 42 43 44 45 
38 40 41 42 43 44 
38 40 41 42 43 45 
38 40 41 42 44 45 
38 40 41 43 44 45 
38 40 42 43 44 45 
38 41 42 43 44 45 
39 40 41 42 43 44 
39 40 41 42 43 45 
39 40 41 42 44 45 
39 40 41 43 44 45 
39 40 42 43 44 45 
39 41 42 43 44 45 
40 41 42 43 44 45 
37 38 39 40 41 42 43 
37 38 39 40 41 42 44 
37 38 39 40 41 42 45 
37 38 39 40 41 43 44 
37 38 39 40 41 43 45 
37 38 39 40 41 44 45 
37 38 39 40 42 43 44 
37 38 39 40 42 43 45 
37 38 39 40 42 44 45 
37 38 39 40 43 44 45 
37 38 39 41 42 43 44 
37 38 39 41 42 43 45 
37 38 39 41 42 44 45 
37 38 39 41 43 44 45 
37 38 39 42 43 44 45 
37 38 40 41 42 43 44 
37 38 40 41 42 43 45 
37 38 40 41 42 44 45 
37 38 40 41 43 44 45 
37 38 40 42 43 44 45 
37 38 41 42 43 44 45 
37 39 40 41 42 43 44 
37 39 40 41 42 43 45 
37 39 40 41 42 44 45 
37 39 40 41 43 44 45 
37 39 40 42 43 44 45 
37 39 41 42 43 44 45 
37 40 41 42 43 44 45 
38 39 40 41 42 43 44 
38 39 40 41 42 43 45 
38 39 40 41 42 44 45 
38 39 40 41 43 44 45 
38 39 40 42 43 44 45 
38 39 41 42 43 44 45 
38 40 41 42 43 44 45 
39 40 41 42 43 44 45 
37 38 39 40 41 42 43 44 
37 38 39 40 41 42 43 45 
37 38 39 40 41 42 44 45 
37 38 39 40 41 43 44 45 
37 38 39 40 42 43 44 45 
37 38 39 41 42 43 44 45 
37 38 40 41 42 43 44 45 
37 39 40 41 42 43 44 45 
38 39 40 41 42 43 44 45 
37 38 39 40 41 42 43 44 45 
